Sphere Mesh 2.0
Duration: 0.063141 seconds
50 117 0
====================
-0.0729183 0.158488 -0.0335456 0.01
-0.0625156 0.147005 -0.00643664 0.001
-0.0519362 0.153802 0.0119873 0.001
-0.0046909 0.0749353 0.000812544 0.0360934
-0.0286645 0.0912587 0.00859085 0.0332483
0.000630848 0.0747667 0.0242285 0.0321328
-0.0401497 0.0678049 0.030252 0.01
0.00622115 0.0863861 0.0113778 0.0388313
0.037367 0.0573061 0.0111569 0.0178832
-0.0302032 0.0833073 0.0412904 0.001
-0.0747446 0.126892 0.0333239 0.0175674
-0.0440225 0.157317 0.00049501 0.01
-0.0159156 0.0497875 0.0480147 0.001
-0.044283 0.043101 0.0308396 0.01
-0.0547073 0.128632 0.0352901 0.001
0.0304179 0.0547608 0.0259055 0.01
0.0189409 0.0533175 0.0111468 0.0190913
-0.0604668 0.148639 0.0111499 0.01
0.0282596 0.0552116 0.0106402 0.0195625
-0.0357142 0.089621 -0.0231424 0.001
-0.0616879 0.148082 0.0111196 0.01
-0.0657945 0.160676 -0.0564201 0.001
0.00338673 0.0799236 0.0124554 0.0411967
-0.0202204 0.0403505 0.0438529 0.001
-0.023448 0.0539413 0.0129955 0.0170911
-0.0750297 0.124403 0.0101888 0.0159146
-0.0558141 0.0926701 0.0119028 0.0313058
-0.0548246 0.0534794 0.00428643 0.001
0.0191015 0.0612214 0.0122648 0.0253017
-0.0689715 0.146567 0.00204994 0.01
0.0101636 0.0350262 -0.0197453 0.001
-0.0769928 0.142577 0.018302 0.0132333
-0.0622939 0.0348717 0.0204049 0.001
-0.0602425 0.153312 0.00178725 0.001
-0.0493471 0.0677921 -0.0124817 0.001
-0.0729291 0.114492 0.025436 0.01
-0.0677452 0.171215 -0.0534619 0.00227889
-0.023205 0.0469877 -0.0270192 0.001
-0.0690214 0.16295 -0.0312551 0.01
-0.0572917 0.0416846 0.00547077 0.01
0.00190912 0.0938351 0.012199 0.0356219
-0.0285793 0.044305 -0.0184394 0.01
-0.065751 0.109586 0.0137044 0.0206838
-0.0562385 0.117563 0.00703392 0.0139559
0.01036 0.0572111 -0.0129337 0.0171104
0.00659066 0.0391391 0.0326611 0.001
-0.0120834 0.0450793 0.039317 0.01
-0.0350469 0.03513 0.0368659 0.001
-0.039877 0.0469117 -0.000968901 0.01
-0.0395268 0.0438426 0.0168288 0.01
0 21 38
27 34 48
29 31 33
12 13 24
16 45 46
17 20 31
11 17 25
1 29 38
2 11 25
8 15 16
19 24 37
5 9 22
30 41 44
4 6 9
6 13 49
26 27 34
7 15 18
11 20 31
10 14 35
5 12 24
7 15 22
22 23 45
23 45 47
4 22 40
30 37 41
39 47 49
4 42 43
2 25 31
23 47 49
11 20 33
7 28 44
12 13 46
27 39 49
13 32 49
0 1 38
3 7 44
0 1 29
6 9 24
5 15 22
3 7 22
4 6 26
16 28 44
17 25 31
24 37 41
4 26 42
5 12 15
5 9 24
10 25 42
25 29 31
1 17 33
16 30 44
8 18 28
11 17 20
4 9 22
2 14 20
29 42 43
23 24 49
30 37 44
0 36 38
39 48 49
6 27 49
32 39 49
21 36 38
8 16 28
8 16 18
27 39 48
14 35 42
14 42 43
2 11 33
3 19 37
25 29 42
10 25 31
1 29 33
6 26 27
16 22 45
24 41 48
15 16 28
7 18 28
4 19 26
24 34 48
16 28 46
45 46 47
12 28 46
1 17 43
6 13 24
2 10 14
17 20 43
14 20 43
3 19 22
19 24 34
7 22 40
2 11 20
17 20 33
3 37 44
16 22 44
2 10 31
32 39 47
0 21 36
12 15 28
8 15 18
19 26 34
24 41 44
2 31 33
1 29 43
24 48 49
4 19 22
5 7 22
4 26 43
26 35 42
26 42 43
0 29 38
13 32 47
13 46 47
10 35 42
22 24 44
2 11 31
22 23 24
