Sphere Mesh 2.0
Duration: 10.334187 seconds
30 40 8
====================
-4.76732 4.43286 -1.73513 0.681404
-4.77185 4.31027 -1.18497 0.548439
-4.77536 3.72908 -0.896773 0.56338
-3.85092 3.06772 -1.93985 0.568353
-4.77449 3.35554 -1.7419 0.744868
-5.62131 3.17825 -1.92024 0.557589
-3.65321 2.61451 -1.76816 0.631349
-6.09344 2.37626 -1.71842 0.514577
-5.07965 2.38742 -1.05976 0.840045
-3.09819 1.62029 -1.94761 0.509832
-6.04211 2.3371 -2.07824 0.507284
-6.39305 1.67716 -1.95148 0.494292
-4.41342 2.36439 -0.937621 0.751295
-4.81719 2.19644 -1.45284 1.00395
-4.95713 1.55285 -1.06151 0.993295
-3.78898 1.92088 -1.76589 0.271791
-4.59306 1.51993 -1.04601 0.984004
-5.6686 2.20685 -1.69645 0.423213
-7.30445 0.727458 -1.69801 0.313477
-4.77998 0.994982 -1.10895 1.05637
-2.04383 0.51651 -1.4734 0.387432
-4.40176 0.35637 -1.67027 0.738232
-7.51881 0.474629 -1.42381 0.382359
-4.77511 0.714862 -1.69727 1.01429
-3.9432 -0.711964 -1.2787 0.44459
-5.5757 -0.652478 -1.30991 0.465413
-5.66727 -1.86615 -1.86182 0.318552
-5.63978 -2.09525 -1.36989 0.212051
-3.88392 -1.86715 -1.87206 0.319505
-3.85287 -2.07787 -1.34214 0.188948
4 8 17
4 7 17
3 4 6
4 5 7
3 4 13
5 13 17
5 10 17
5 7 10
4 12 15
8 14 17
8 12 16
3 6 9
8 14 16
12 15 16
13 14 17
10 11 17
13 15 23
4 6 15
4 8 12
3 9 15
0 3 4
14 16 19
19 21 23
7 10 11
0 4 5
0 1 2
4 5 13
7 11 17
0 1 4
12 13 15
3 13 15
13 14 23
6 9 15
12 14 16
14 19 23
1 2 4
15 16 23
0 2 4
16 19 23
21 23 24
28 29
11 18
9 20
18 22
23 25
25 26
24 28
26 27
