Sphere Mesh 2.0
Duration: 0.014190 seconds
20 19 8
====================
-4.76732 4.43286 -1.73513 0.681404
-4.78636 3.90325 -0.99603 0.599487
-3.86248 2.8303 -1.79262 0.672483
-4.80063 3.20921 -1.73256 0.790616
-5.62131 3.17825 -1.92024 0.557589
-5.07965 2.38742 -1.05976 0.840045
-3.09819 1.62029 -1.94761 0.509832
-6.39305 1.67716 -1.95148 0.494292
-4.41342 2.36439 -0.937621 0.751295
-4.95713 1.55285 -1.06151 0.993295
-4.59306 1.51993 -1.04601 0.984004
-5.79547 2.49749 -1.78379 0.631179
-4.77998 0.994982 -1.10895 1.05637
-2.04383 0.51651 -1.4734 0.387432
-7.48741 0.499841 -1.4899 0.369034
-4.73057 0.716509 -1.71822 0.997143
-3.9432 -0.711964 -1.2787 0.44459
-5.5757 -0.652478 -1.30991 0.465413
-5.6885 -1.98855 -1.74021 0.32355
-3.86081 -1.96105 -1.77578 0.322983
0 3 4
3 4 11
3 5 11
10 12 15
0 1 3
3 9 15
5 9 11
2 3 8
8 9 10
2 3 15
2 8 10
5 9 10
3 9 11
9 10 12
3 5 8
2 10 15
9 12 15
0 2 3
5 8 10
15 16
16 19
2 6
6 13
17 18
7 14
7 11
15 17
