Sphere Mesh 2.0
Duration: 4.154745 seconds
100 115 25
====================
-0.0279417 18.9416 21.0997 0.5738
0.587601 18.3677 21.2406 0.65491
1.33333 19.8325 20.3217 0.270393
1.40938 18.8501 19.4752 0.60813
1.08932 20.3214 18.7861 0.181117
1.27721 17.924 17.9699 0.867235
0.038511 14.5658 20.3856 0.345768
0.66623 16.4111 18.7135 0.514217
0.865405 19.9217 16.4573 0.344829
-0.00740969 19.7311 12.546 0.198662
0.0152521 14.5995 -2.20745 0.546313
0.681429 15.1119 -4.0469 0.932174
-0.000157965 10.681 -1.65827 3.69574
1.56061 17.3337 -9.95619 0.132508
-0.00662182 17.7463 -11.8591 0.681233
3.17425 10.71 -14.4588 1.5529
0.0152514 9.44577 -18.1363 0.502147
1.54095 13.0766 -15.9388 2.38791
0.606637 17.4798 -15.0346 0.79404
-0.387282 16.7224 -16.6631 1.12971
0.0544763 17.1013 -24.6861 0.316953
0.028599 12.8691 -43.437 0.521858
-0.044278 11.9588 -47.1078 0.220195
0.0014578 8.09458 -56.1139 1.1196
0.0116491 9.54089 -73.7698 0.571755
6.15821 12.4103 0.609191 0.965732
1.9911 11.2226 4.56315 1.46511
12.9602 14.311 -5.6685 0.906227
13.7328 11.9583 -5.01189 0.868115
19.1209 3.00429 -1.27574 0.537382
21.8075 0.916184 -1.78814 0.284297
18.4913 0.573009 0.559219 0.57285
21.3958 2.38974 -2.51805 0.333508
4.05314 6.93252 -12.5532 1.22937
3.80476 5.09724 -16.2475 0.987246
3.23897 3.09564 -19.2452 0.592902
3.29618 0.850135 -16.8647 0.83836
3.47994 0.671143 -15.1602 0.384056
4.61036 0.444348 -15.5555 0.386355
-1.72113 20.4299 20.1692 0.139457
-0.87279 18.684 20.7 0.693711
-1.42707 18.9901 19.3623 0.718216
0.0125586 16.8208 22.5623 0.529336
-1.30568 17.5416 18.0526 0.830881
-0.0137178 19.1182 16.8005 1.43863
-0.744018 19.6558 16.755 0.499043
-1.04761 18.9051 13.6442 0.400529
0.0755935 19.9184 15.0697 0.859764
0.012581 17.8942 12.5597 1.45795
-0.476002 18.1088 11.8696 0.889094
-1.69779 11.1348 4.94178 1.59174
0.0350202 10.8645 5.72637 2.6712
0.00565483 10.1731 1.33949 3.04654
-0.0170244 11.8242 7.5661 2.40036
-0.861425 16.3484 -6.56594 0.480972
0.0120961 14.12 -8.20353 3.01329
-0.0351178 8.14573 -1.34863 2.5214
0.111539 14.2097 -13.5327 3.58705
-1.60199 13.7405 -12.2251 2.19593
-0.00129694 14.7664 -19.6404 2.23326
-0.00288954 9.39586 -77.0906 0.614374
-5.97739 12.3865 0.796765 1.01646
-13.0227 14.4886 -5.72513 0.897202
-17.3033 3.16538 -0.901742 0.810768
-13.8223 11.7792 -4.9608 0.875498
-18.8962 2.99229 -1.16921 0.553275
-21.5519 2.2712 -2.96484 0.219239
-20.0573 1.58249 -0.633581 0.662901
-18.6218 0.351606 0.784308 0.318438
-22.2023 0.70982 -3.04461 0.250008
-26.1887 13.3199 -16.8292 0.231838
-23.9254 26.7288 -24.4583 0.0987016
-24.5115 6.77042 -10.0238 0.293504
-17.2584 15.8225 -16.8597 0.112542
-4.09217 6.97966 -12.6323 1.28995
-3.24127 3.08247 -19.1535 0.675506
-4.28914 0.598162 -16.2985 0.619751
-3.31851 0.889637 -16.8234 0.828932
-3.51651 0.575023 -15.1818 0.383193
-0.257435 20.3915 18.8293 0.339268
1.16246 19.0029 13.6216 0.354923
-0.750556 17.6881 -8.94721 0.299368
0.0241396 15.6022 -28.2226 1.50914
-0.00013367 15.1331 -37.2221 0.457335
-0.0021569 14.5544 -40.7355 0.274983
0.0366676 6.5645 -86.968 0.265208
16.3498 5.74314 -2.02889 0.644873
20.1053 2.68923 -1.03303 0.429252
23.9462 27.0525 -24.504 0.0541506
26.2495 13.2797 -16.8415 0.264813
24.5438 7.15105 -10.2225 0.214789
18.0066 12.142 -13.7738 0.239489
14.9348 24.3608 -20.6039 0.244891
0.0280396 7.54195 4.42211 1.50253
-1.72628 15.257 -2.95586 0.13414
-1.36262 13.0972 -16.1421 2.41338
-19.0116 7.35607 -7.72917 0.235304
-14.3752 26.3329 -20.6591 0.17068
-3.19495 10.5648 -14.4408 1.54263
-3.76601 4.87167 -16.7706 0.914908
0 1 2
0 2 4
3 5 44
8 44 79
44 48 80
9 47 80
9 48 80
26 51 52
13 14 57
11 12 55
25 26 51
30 32 87
40 41 79
1 40 42
3 41 44
57 59 95
54 55 94
44 46 48
9 46 49
45 46 47
55 58 81
63 65 67
44 45 47
50 51 53
14 58 81
14 18 19
16 59 95
14 19 58
66 67 72
9 46 47
0 40 79
6 7 43
3 40 41
44 45 46
17 18 59
19 57 59
19 57 58
13 55 57
75 76 77
5 7 44
57 58 95
16 57 95
0 4 79
4 8 44
10 52 94
2 3 4
21 22 23
11 12 52
13 55 81
12 52 94
65 67 68
12 55 56
21 23 82
18 19 59
4 8 79
29 31 32
10 11 52
0 40 42
29 31 86
11 54 94
1 3 40
0 39 40
21 82 84
1 3 5
16 17 57
51 53 56
53 56 93
3 4 44
40 41 43
50 51 52
12 55 94
36 37 38
9 48 49
0 1 42
41 43 44
30 31 32
74 95 98
29 87 91
82 83 84
65 67 96
12 50 52
46 48 49
20 59 82
15 17 57
76 77 78
41 44 45
17 18 57
30 31 87
63 67 68
13 14 81
54 55 81
19 59 82
58 95 98
55 57 58
10 11 94
43 44 45
29 32 87
12 52 56
44 47 80
14 18 57
8 44 47
11 54 55
51 52 56
41 44 79
1 2 3
16 17 59
21 23 84
7 43 44
48 49 53
29 31 87
12 26 52
63 65 68
23 82 84
41 43 45
66 67 69
91 92
34 35
28 86
62 64
87 90
8 45
15 33
75 99
23 24
24 60
63 64
27 28
74 99
61 62
33 34
73 96
50 61
89 90
25 27
70 71
70 72
88 89
60 85
35 36
73 97
